DA280E;	by the FoldX Consortium 
DA280F;	Jesper Borg, Frederic Rousseau, Joost Schymkowitz,
DA280Y;	Luis Serrano and Francois Stricher
DA280W;	------------------------------------------------------
DA280V;	
DA280T;	PDB file analysed: batch
DA280S;	Output type: BuildModel
DA280Q;	Pdb	total energy	Backbone Hbond	Sidechain Hbond	Van der Waals	Electrostatics	Solvation Polar	Solvation Hydrophobic	Van der Waals clashes	entropy sidechain	entropy mainchain	sloop_entropy	mloop_entropy	cis_bond	torsional clash	backbone clash	helix dipole	water bridge	disulfide	electrostatic kon	partial covalent bonds	energy Ionisation	Entropy Complex
DA280P;	LGK_1.pdb	-0.0560942	0.08799	1.3131	0.785329	0.782375	-2.17288	0.404478	-0.0696374	-0.810887	-0.1216	0	0	0	-0.233626	0.0640955	-0.0207366	0	0	0	0	-2.22045e-16	0
DA280R;	LGK_2.pdb	-0.413888	-0.17562	2.15814	-0.054224	0.716171	-1.16192	-0.636802	-0.117425	-0.891625	0.2052	0	0	0	-0.460758	0.308787	0.00497477	0	0	0	0	-6.66134e-16	0
DA280M;	LGK_3.pdb	0.0956369	-0.161765	2.47175	0.0657929	0.750909	-1.37238	-0.551685	0.0574295	-1.18987	0.2052	0	0	0	-0.194039	-0.0474179	0.0142857	0	0	0	0	2.22045e-16	0
DA280L;	LGK_4.pdb	-0.66494	-0.147074	-1.52056e-12	-0.727208	0.357306	0.614426	-1.15977	0.00675372	0.0476355	0.2888	0	0	0	-0.00075407	0.334101	0.0549413	0	0	0	0	-1.33227e-15	0
DA280K;	LGK_5.pdb	0.240413	-0.0440299	1.3294	0.584612	0.9746	-1.80435	0.297665	-0.0394783	-0.961314	-0.0152	0	0	0	-0.0795483	0.246924	-0.0019436	0	0	0	0	-4.44089e-16	0
DA280I;	LGK_6.pdb	-0.234838	-0.0837862	-0.310551	0.106515	1.12101	-0.249713	0.134888	-7.10543e-15	-0.951161	-0.0152	0	0	0	0.00751953	0.0530113	0.00564014	0	0	0	0	0	0
DA280H;	LGK_7.pdb	0.361146	-0.394915	1.72531	1.26232	1.02315	-2.70476	0.957479	0.0120653	-1.22009	-0.038	0	0	0	-0.274994	-0.555829	0.0135802	0	0	0	0	6.66134e-16	0
DA280G;	LGK_8.pdb	-0.596405	-0.756584	-0.608297	-0.556224	0.293802	0.707199	-0.537287	0.00428901	0.892316	-0.0532	0	0	0	0.00333307	0.295829	0.0142476	0	0	0	0	0	0
DA280N;	LGK_9.pdb	3.55497	0.784575	0	-0.33984	0.20095	0.0820848	-0.642666	4.00551	0.240451	-0.797747	0	0	0	-0.000624282	-1.94002	0.0222691	0	0	0	0	0	0
LA281E;	LGK_10.pdb	-0.67161	-0.904375	-0.814471	-0.575413	0.301278	0.723681	-0.649211	0.0122289	1.10039	0.0076	0	0	0	0.0668002	0.400816	0.0598789	0	0	0	0	0	0
LA281A;	LGK_11.pdb	-1.00592	-0.157627	0	-1.27323	0.265716	0.837771	-1.88191	0.0208084	1.00759	0.0684	0	0	0	0.0908861	0.464542	0.0156755	0	0	0	0	0	0
LA281C;	LGK_12.pdb	-0.63112	-0.12401	0	-0.594503	0.299369	0.507764	-0.878499	0.000755945	0.255579	-0.114	0	0	0	-0.000439543	0.219762	0.0168632	0	0	0	0	0	0
LA281D;	LGK_13.pdb	0.0595545	-0.734147	1.14806	0.0517668	0.867097	-0.53985	-0.341486	-0.00751687	-0.16847	-0.0304	0	0	0	-0.225812	0.369958	0.0403103	0	0	0	0	3.49142e-10	0
LA281F;	LGK_14.pdb	0.025441	-0.152189	2.3339	0.0839622	0.713054	-1.18513	-0.393073	-0.147672	-1.0021	-0.038	0	0	0	-0.194391	0.357124	0.00708054	0	0	0	0	1.06581e-14	0
LA281N;	LGK_15.pdb	0.822677	-0.698101	1.72674	0.0399941	0.873238	-0.22349	0.00538233	0.00233861	-0.88413	0.2736	0	0	0	-0.354084	0.30782	0.00607094	0	0	0	0	0.0551228	0
LA281H;	LGK_16.pdb	1.04399	0.256006	2.37261	1.11884	0.99475	-2.85778	0.675043	-0.0229516	-1.51776	0.2356	0	0	0	-0.223906	-0.966135	0.013542	0	0	0	0	1.11022e-14	0
LA281I;	LGK_17.pdb	-1.06786	-1.32626	-1.91066	-0.285572	0.916353	0.601059	-0.0479584	0.0758301	0.700827	0.1824	0	0	0	-0.00139005	0.353214	0.0275003	0	0	0	0	1.68754e-14	0
LA281V;	LGK_18.pdb	3.40735	-0.136364	-1.63051	-0.656756	-1.11916	3.91628	0.693733	-0.013403	2.42291	-0.00754335	0	0	0	-0.0434151	0.434763	-0.0184232	0	0	0	0	1.55431e-14	0
LA281W;	LGK_19.pdb	2.83013	0.136353	-2.43072e-08	1.3814	0.0134394	-0.480574	2.76226	-0.00349891	-0.78424	-0.1216	0	0	0	-0.073404	-0.100169	8.57219e-10	0	0	0	0	-1.55431e-14	0
LA281Y;	LGK_20.pdb	2.96388	0.094061	0	0.873564	0.0142428	-0.361265	2.08683	-0.00564625	-0.152448	0.4408	0	0	0	-0.026257	-0.0295177	0	0	0	0	0	0	0
LA281R;	LGK_21.pdb	4.17049	0.0587861	-0.12139	0.732117	-0.468605	1.8362	2.33291	0.0132133	-0.227688	0.114	0	0	0	-0.090726	-0.00661554	-0.00831894	0	0	0	0	0	0
LA281S;	LGK_22.pdb	1.42267	0.0704442	2.72228	0.0199102	0.619103	-0.164694	0.00117698	-1.30645	-0.818252	0.328904	0	0	0	-0.0470218	-0.0753109	-0.00271898	0	0	0	0	1.55431e-14	0
LA281Q;	LGK_23.pdb	2.88392	0.0713014	-0.857747	0.594176	0.00807959	0.831902	2.05564	-0.000811791	-0.0269312	0.2964	0	0	0	-0.0880864	6.03918e-08	-1.26648e-08	0	0	0	0	-1.55431e-14	0
LA281P;	LGK_24.pdb	1.63499	-0.181875	-1.45173	-1.1312	-0.39453	3.30966	0.130615	-0.346844	1.27384	0.378557	0	0	0	-0.0907781	0.61691	-0.00171882	0	0	0	0	0.141007	0
LA281M;	LGK_25.pdb	1.23125	-0.0968413	-1.71393e-06	-0.0912717	-0.108371	0.380031	0.129045	0.874403	0.0135815	0.076	0	0	0	0.0545064	0.122893	0.000171721	0	0	0	0	3.71259e-13	0
LA281K;	LGK_26.pdb	1.68204	0.000574023	0	0.513296	-0.0329181	0.0537968	1.22467	0.0210852	-0.234502	0.0988	0	0	0	0.0372467	0.0725198	0	0	0	0	0	0	0
LA281G;	LGK_27.pdb	7.95967	-0.439003	-0.0854672	-1.49406	0.503461	1.55202	-2.14344	8.47129	0.130386	0.404153	0	0	0	1.04729	0.139651	0.0130435	0	0	0	0	3.73035e-13	0
LA281T;	LGK_28.pdb	5.62671	-0.397717	-0.06916	-0.546957	0.231707	1.70144	0.000374961	3.47763	-0.0332144	0.316972	0	0	0	0.936506	0.217651	0.00912678	0	0	0	0	3.72813e-13	0
IA282Y;	LGK_29.pdb	1.68954	-0.0384543	-1.52372	-0.963212	-0.607405	3.18738	0.627744	0.173156	1.28962	0.121692	0	0	0	-0.610934	0.0512613	0.0336719	0	0	0	0	3.71703e-13	0
IA282W;	LGK_30.pdb	3.01586	-0.503108	-0.631501	1.15677	0.0794075	0.13643	2.86201	0.0853088	-0.183284	0.076	0	0	0	-0.0604094	0.0518944	-0.00176641	0	0	0	0	3.71703e-13	0
IA282A;	LGK_31.pdb	1.93395	-0.60931	-0.616796	0.071324	6.55538e-07	0.997041	1.04791	-0.00810177	1.03266	0.0608	0	0	0	-0.0415848	0.0834437	4.96234e-09	0	0	0	0	-3.71703e-13	0
IA282D;	LGK_32.pdb	6.37284	1.21234	0	1.02581	-0.0732862	-0.345525	2.12453	4.24142	-0.475061	-1.27064	0	0	0	-0.0667412	-2.33261	0	0	0	0	0	0	0
IA282E;	LGK_33.pdb	0.35026	-0.0745573	0	-0.419768	-0.00136265	0.267484	-0.344483	0.0424556	0.733132	0.1824	0	0	0	-0.0350402	5.22959e-12	0	0	0	0	0	0	0
IA282F;	LGK_34.pdb	3.00604	-0.103803	-1.76036	-0.436468	0.00939627	3.55196	0.273286	0.0148217	1.0943	0.0836	0	0	0	0.252053	0.0580752	0.0272519	0	0	0	0	-3.71703e-13	0
IA282G;	LGK_35.pdb	3.97725	0.26206	0	1.85329	0	-1.1211	3.3978	-0.0186747	-0.704938	0.3496	0	0	0	-0.0407959	-0.480379	0	0	0	0	0	0	0
IA282H;	LGK_36.pdb	3.03199	0.112496	-0.324411	0.796945	-0.0658993	0.406946	2.10506	-0.0233894	-0.0946947	0.0988	0	0	0	0.0201361	0.00905321	1.04132e-08	0	0	0	0	-3.71703e-13	0
IA282K;	LGK_37.pdb	2.93186	0.0476158	0.3215	0.539294	0.070297	0.0216022	1.48274	0.0607127	-0.0299282	0.2432	0	0	0	0.167148	-0.443146	0.0448965	0	0	0	0	-0.0372149	0
IA282L;	LGK_38.pdb	3.76939	0.827487	-2.81036	0.679322	-0.405931	0.226672	1.92656	1.89696	1.11868	0.3268	0	0	0	-0.0414957	-0.885041	0.0462567	0	0	0	0	-0.0215686	0
IA282M;	LGK_39.pdb	3.01472	0.203345	4.30409e-06	1.7736	0.0119653	-1.01414	3.23179	0.0252943	-1.0454	-0.152	0	0	0	0.00437382	-0.634054	-0.000557536	0	0	0	0	-0.0235613	0
IA282N;	LGK_40.pdb	4.65528	0.167534	0.0441906	0.877057	-1.06697	2.55701	2.43853	-0.0174826	-0.526011	0.1064	0	0	0	-0.00494697	-0.427772	-0.0713483	0	0	0	0	0.151301	0
IA282C;	LGK_41.pdb	4.11498	0.0633752	4.30409e-06	0.203678	-1.5711	3.36127	1.41966	0.0930151	0.396728	-0.038	0	0	0	0.030091	-0.00560194	-0.045532	0	0	0	0	0.201797	0
IA282P;	LGK_42.pdb	2.05196	-0.0113713	0	0.097414	-0.167972	0.267978	0.787262	0.545398	0.0679425	0.2432	0	0	0	0.222317	-0.32804	0	0	0	0	0	-0.000206639	0
	LGK_43.pdb	4.88899	0.150938	-0.113304	2.52174	-0.00269044	-1.41959	4.51871	0.00384934	-1.0051	0.2736	0	0	0	-0.000969968	-1.06292	0.000617905	0	0	0	0	-0.038813	0
	LGK_44.pdb	9.06764	0.128033	1.2713	1.32021	0.017104	1.0464	3.27503	2.51518	-1.11328	0.295643	0	0	0	0.251435	-0.39209	-0.0199937	0	0	0	0	0.0805811	0
	LGK_45.pdb	3.43836	0.642676	-0.375912	0.556324	-0.483938	0.835245	1.69323	0.0575111	0.14649	0.0532	0	0	0	0.320803	-0.359692	-0.00552755	0	0	0	0	-0.00174033	0
	LGK_46.pdb	0.220014	-0.130011	4.97684e-06	-0.0370676	0.00148047	0.0994139	-0.0473669	0.457626	-0.0827718	-0.076	0	0	0	0.00859903	-0.00718156	0.018832	0	0	0	0	0.00727493	0
	LGK_47.pdb	1.30823	-0.202499	0	-0.583297	0	0.322677	-0.497239	1.07604	0.882559	0.3116	0	0	0	-0.00467455	0.272637	0	0	0	0	0	0.00305901	0
	LGK_48.pdb	3.96226	0.266587	-0.269471	0.511264	0.00169178	1.20473	2.12861	0.0294713	-0.282841	0.38	0	0	0	0.000960527	-0.247815	-0.00202587	0	0	0	0	-0.0067172	0
	LGK_49.pdb	3.23792	0.175155	4.97684e-06	1.10288	0.00311449	-0.724158	2.39844	-0.00545808	-0.257566	0.5624	0	0	0	-0.00635422	-0.497225	0.00102417	0	0	0	0	-0.0115592	0
	LGK_50.pdb	6.95289	1.37566	-1.55511e-06	1.20531	5.31253e-07	-0.942816	2.0184	4.62795	-0.735562	-0.57144	0	0	0	-0.00405461	-2.74631	-1.03861e-08	0	0	0	0	-0.0205633	0
